-64 -64 -2717.35
-64 -56 -2961.52
-64 -48 -3369.68
-64 -40 -3341.44
-64 -32 -1750.34
-64 -24 -1841.07
-64 -16 -2099.19
-64 -8 -1983.14
-64 0 -1757.88
-64 8 -1357.46
-64 16 -1667.67
-64 24 -1519.82
-64 32 -784.625
-64 40 -878.869
-64 48 -964.06
-64 56 -833.083
-64 64 -166.07

-56 -64 -3219.07
-56 -56 -2958.31
-56 -48 -2842.2
-56 -40 -3410.93
-56 -32 -1628.85
-56 -24 -2550.98
-56 -16 -2816.01
-56 -8 -2149.38
-56 0 -1421.91
-56 8 -1441.62
-56 16 -1059.65
-56 24 -1303.15
-56 32 -695.615
-56 40 -1176.59
-56 48 -635.573
-56 56 -1456.96
-56 64 -362.053

-48 -64 -3046.43
-48 -56 -2426.02
-48 -48 -3282.66
-48 -40 -2681.38
-48 -32 -1751.86
-48 -24 -2556.57
-48 -16 -2668.85
-48 -8 -2370.96
-48 0 -1740.11
-48 8 -1790.35
-48 16 -1438.94
-48 24 -1852.8
-48 32 -636.509
-48 40 -803.201
-48 48 -499.79
-48 56 -466.1
-48 64 -48.7526

-40 -64 -2937.36
-40 -56 -2995.99
-40 -48 -2766.07
-40 -40 -2871.68
-40 -32 -2532.13
-40 -24 -2305.66
-40 -16 -2232.03
-40 -8 -2548.11
-40 0 -1947.05
-40 8 -1813.11
-40 16 -1985.63
-40 24 -2210.64
-40 32 -1246.96
-40 40 -951.221
-40 48 -692.111
-40 56 -1522.84
-40 64 -721.468

-32 -64 -2460.25
-32 -56 -2439.87
-32 -48 -2445.11
-32 -40 -2442.12
-32 -32 -1825.75
-32 -24 -1781.1
-32 -16 -1842.49
-32 -8 -1832.84
-32 0 -1233.72
-32 8 -1132.64
-32 16 -1104.87
-32 24 -1150.51
-32 32 -597.571
-32 40 -618.997
-32 48 -619.237
-32 56 -567.209
-32 64 53.9285

-24 -64 -2462.56
-24 -56 -2427.85
-24 -48 -2444.85
-24 -40 -2493.9
-24 -32 -1881.43
-24 -24 -1876.28
-24 -16 -1850.97
-24 -8 -1845.61
-24 0 -1256.69
-24 8 -1258.41
-24 16 -1126.85
-24 24 -1171.72
-24 32 -521.034
-24 40 -467.061
-24 48 -431.884
-24 56 -421.015
-24 64 117.823

-16 -64 -2251.6
-16 -56 -2313.35
-16 -48 -2402.19
-16 -40 -2409.82
-16 -32 -1754.39
-16 -24 -1683.55
-16 -16 -1727.43
-16 -8 -1825.81
-16 0 -1172.99
-16 8 -1147.59
-16 16 -1129.68
-16 24 -1133.2
-16 32 -571.618
-16 40 -608.354
-16 48 -560.32
-16 56 -515.55
-16 64 89.9273

-8 -64 -2414.92
-8 -56 -2413.62
-8 -48 -2448.65
-8 -40 -2422.11
-8 -32 -1810.04
-8 -24 -1861.31
-8 -16 -1836.19
-8 -8 -1830.93
-8 0 -1103.53
-8 8 -1170.39
-8 16 -1098.65
-8 24 -1079.69
-8 32 -435.583
-8 40 -437.508
-8 48 -470.978
-8 56 -462.349
-8 64 193.955

0 -64 -801.206
0 -56 -808.03
0 -48 -820.421
0 -40 -812.91
0 -32 -187.775
0 -24 -233.947
0 -16 -255.06
0 -8 -154.508
0 0 418.908
0 8 465.304
0 16 503.129
0 24 494.401
0 32 1137.18
0 40 1140.2
0 48 1138.22
0 56 1126.51
0 64 1707.98

8 -64 -860.914
8 -56 -774.21
8 -48 -746.742
8 -40 -734.21
8 -32 -148.555
8 -24 -210.751
8 -16 -178.897
8 -8 -169.042
8 0 513.626
8 8 505.219
8 16 460.656
8 24 482.717
8 32 1113.03
8 40 1103
8 48 1022.63
8 56 977.617
8 64 1568.11

16 -64 -831.152
16 -56 -723.593
16 -48 -774.248
16 -40 -737.575
16 -32 -171.514
16 -24 -119.689
16 -16 -119.286
16 -8 -136.677
16 0 504.439
16 8 520.573
16 16 523.115
16 24 546.727
16 32 1036.22
16 40 1008.66
16 48 1010.1
16 56 1120.28
16 64 1748.74

24 -64 -764.924
24 -56 -745.092
24 -48 -754.272
24 -40 -748.405
24 -32 -98.6058
24 -24 -68.457
24 -16 -56.1603
24 -8 -175.855
24 0 447.842
24 8 462.365
24 16 451.23
24 24 451.059
24 32 1082.58
24 40 1097.98
24 48 1088.52
24 56 992.181
24 64 1524.09

32 -64 -178.805
32 -56 -181.248
32 -48 -178.084
32 -40 -147.829
32 -32 546.084
32 -24 435.203
32 -16 379.514
32 -8 386.072
32 0 995.261
32 8 994.172
32 16 1013.76
32 24 1122.85
32 32 1714.39
32 40 1700.32
32 48 1716.78
32 56 1705.8
32 64 2330.45

40 -64 -110.502
40 -56 -114.481
40 -48 -61.3215
40 -40 -113.418
40 -32 498.413
40 -24 479.227
40 -16 456.647
40 -8 513.305
40 0 1082.52
40 8 1117.93
40 16 1140.98
40 24 1132.46
40 32 1708.8
40 40 1685.62
40 48 1693.16
40 56 1663.9
40 64 2254.84

48 -64 -79.2473
48 -56 -38.1179
48 -48 -57.6395
48 -40 -30.0905
48 -32 500.531
48 -24 495.603
48 -16 526.757
48 -8 524.692
48 0 1155.95
48 8 1107.97
48 16 1043.67
48 24 1061.84
48 32 1664.87
48 40 1665.59
48 48 1756.24
48 56 1632.92
48 64 2261.63

56 -64 -131.355
56 -56 -83.3417
56 -48 -68.8019
56 -40 -61.525
56 -32 541.163
56 -24 488.107
56 -16 508.843
56 -8 521.191
56 0 1132.81
56 8 1200.03
56 16 945.91
56 24 861
56 32 1611.9
56 40 1670.34
56 48 1669.11
56 56 1691.42
56 64 2343.66

64 -64 584.665
64 -56 587.011
64 -48 583.847
64 -40 578.52
64 -32 1168.38
64 -24 1211.54
64 -16 1208.29
64 -8 1277.44
64 0 1665.02
64 8 1702.08
64 16 1839.28
64 24 1815
64 32 2462.4
64 40 2419.14
64 48 2438.33
64 56 2423.89
64 64 3042.43

